49158615403582362779085177062796191820833652424030845810
36092573144784663196427576545004065156068754950443474291
58264517152516984279802711651487815384862223663103606787
18474716475425988909850272636255179839852247864358388261
26858379834272473389151927066385109538982912898438643648
39716868004942127168313048892497546148997106884458610406
52668886288349657649712326730850172107293674455987832234
10689070063993217048264220467495522596145627102292958967
60167363431960551530841039736330154774198170291327828607
27187767460048052233108311173271160789496063123593465643
41906234109030370329735693882462355704156916465768874046
66164284926738606042201872632722550226100598500985634857
52146125376285011077347638193422518797785809951731714737
20934673369958226361442411183362534829647497916014966644
4876653495215127412737043616456186883286152097389218921
43224560847931121760080432151859958545673141436602548657
22359864822096919822481269123594938204429747492616580354
14146773904487224152649618077974773211690405552231187499
64967620554234866568103499892636959467603491678527640808
53425024680585723723548827708978746806444000845379105730
18893611882874405537697869181658717802638774935241013073
30094177031689766641546552075062472228662918780170898293
67867986284122586357890523971663144524455524762964761538
60716740149788596732061207014705172090876252380844141471
19156917113435777447801189005249337030071580298637983101
24047559661104418173936394595134218459403361521327492201
31757349094302579106621306306497618413462365601538464985
50656745794636550911159157148527731231259729515367693356
180203779848861447443409206242250295884646500686519075
13471884205880274954735217719882326223663743695735655453
14828137900128131384651860626442209510877716110042071893
31533471655790652098287047296632025896808678090821380981
2134541484991728660907669243105241552504520455845767044
57467626711915918599375997969294981918631982380592183106
47711208740201936850892386105254635408300755121818135737
19805779402954285862313510532677805115784105245012673110
9514602216852582159844306805903942561260863237187356727
49558985038894525468299043285727248402286026599861161136
26386406450903646583301836056832803621497982412585473587
809540136269426231490043364594455088860044125124446204
39077856808079658690377122975940287812846737231350557793
36784399224159302459952594622965775716806953995992782056
51864952970562790587313690704056470232926421834588618765
26703297119027199390878668627051479751000380365509871346
66736487582426954838478867822113367961381404690356517351
58967751184904389221117230849489678343866794521316556710
15400632247484487284406006777225839302486380947155698896
18632907124775438232073517547823216945313844847405372785
66378210463421551106977759884989916837478445270204411985
32889137626814125859818816216976788819752335000173262017
52029903441608045546663381444358916039660479284636008884
54662679113108121497078389952708982039450257800425887509
7526294657579028459678146866338503472776043591232072363
22699679222751979799981027898215454970229931955758591841
47061685135762006129213990505854873285331295984125326380
45356107236709128475000183778874309509470292333245492046
51759094413523383052165005223749968833206902270352027405
61834635451343330602564844429657499164162274087697252251
23407117235896103192729533132696708317587317637310147510
853714994101470104191685065643134112332551956442858804
27989529698341746309013149097986969467107547074234127035
56684023382388264441317929477298784194325533371815659651
61498844315302049100468003883807671421964664855851173908
62628132863615925824733315809178536426631570965869862211
44157752876542493722023501015023088721112729084503696230
10744223764741138247741425700347625126867340031272547959
54669649332160661682594162595034638302602706909649004342
10700729778235363894605424900404448966433038757711436215
22336943428606896872195997782516717816283472740888238259
10339476597954270850940104605585705180113302337655250894
43099684309920968006609633569347773731182108182208499435
20179913255296268993024225202805034053313923848449671505
3016149830102780550554077252205393888050764515768965778
10197394629282785014328389841894613470025796776247387593
48683990999752476477343424880158245906849912839212460431
45938775000584676262602643917908788880105923103827880136
62768854681095229762194336144099979824928654892294279315
37202979168400217438584483357945225865167001305326964886
32665724840045832476965996498416975481493990605389930599
16429670920478462849588561547722389546044481042337539068
7093760526375363791735220761271106672069489645600597416
54012365158466719375415782953367677417328196672120309300
32382645594719291298408173938392243741454553802251731349
61268889061724822370373256133593249896758958656899783713
66551203340503502066758410256947552595097203335905430127
58019559037954090459987900542698445985872145638155100752
52025760988180442741841248789134156034555422446118247011
49481697617590089093400830975991220985550452551820991168
65207609193041608114692991614990248221999018799371178093